7281 4263
8241 7013
962 7482
1737 6812
7570 4547
4002 1634
7578 8962
5154 7800
4364 7060
1751 8162
8657 2752
8733 6402
5895 9697
2798 6266
3085 6398
5744 2180
9485 1219
8620 3995
7982 7561
4110 394
2035 3153
8029 2468
6061 9666
8002 9832
3750 7926
5418 516
8199 7794
8417 1733
8318 1116
1025 3283
3990 7932
2132 4350
6225 956
8519 5862
6651 7120
8292 4935
3259 8476
6476 5186
4756 9887
8507 247
4422 7715
5101 4635
1847 5200
2492 3802
116 3411
4694 9790
6331 4464
4982 7757
5096 274
3206 3963
7412 3721
9322 4836
7278 9691
9062 6854
2864 7665
9484 9869
6432 1446
8565 294
9629 5524
4729 2817
3936 4044
9834 3341
6428 6924
9218 3773
6157 7056
2033 1564
8275 8757
8531 7065
3822 8577
5112 7752
3975 2930
8060 8463
6334 8768
8000 3654
7092 617
1461 6623
1700 7389
8053 8560
9467 7184
6920 6033
1086 7839
1900 3930
2713 7544
2321 688
9197 6630
3074 3983
452 955
6272 1991
4210 6552
9799 196
5900 2801
420 132
9397 4885
810 2703
2156 8117
6659 7523
3414 5295
9857 4814
4817 2929
5674 2041
2374 7612
3764 2786
6136 3197
4000 6291
870 4015
9315 6162
1280 7033
6582 3572
9409 1448
9426 3535
9296 2414
7315 2948
7038 8051
2846 3010
7717 8988
9216 1884
4666 7012
1022 2641
3190 8335
9348 5626
2219 748
9857 2426
500 6448
7483 8488
3837 8171
8947 309
579 5017
3836 3468
2484 1871
8581 113
5158 9745
2442 9406
7215 8205
9236 113
4094 1029
1515 6621
4632 113
1363 5488
6176 8195
8488 1989
1158 3631
4907 2549
9925 8604
5510 8580
8165 2715
9962 3460
4729 2563
3398 6034
512 5153
8788 2294
5807 3755
4469 9126
6823 3139
7909 6979
9896 819
613 8194
4215 2807
4526 9653
7121 5286
2292 6358
76 5339
3174 4700
1122 9513
1181 5546
4113 5935
145 1481
780 7761
7089 8832
2110 7654
1861 1897
9159 2207
9155 745
3444 4355
2521 2381
7423 8102
7329 6238
5158 2320
40 5733
8145 9057
4203 9869
8668 5831
183 8748
1503 5819
9214 2245
3081 4116
3221 18
1528 9774
6367 9917
4200 6670
4127 9909
2883 2856
5685 1645
5461 617
4688 9014
4703 8206
6706 7858
7050 5914
8297 2148
8811 3659
5541 8773
5079 3140
9628 4666
1886 839
7137 5831
5858 4639
9797 8048
8762 3871
621 9785
6074 2835
7968 5609
5848 1526
3192 3184
9716 9177
7525 5556
8440 548
7448 1751
1660 4158
1431 432
8760 3075
808 6610
3632 6860
2058 9103
1363 6002
138 332
3046 4541
8498 8346
9124 23
4480 3707
587 8936
9166 391
4717 6376
8356 5854
3718 165
1716 4110
2556 4805
7296 3189
4669 6985
212 4186
5963 5546
1123 8789
8568 989
7454 9754
209 9051
1454 3648
4995 9395
3907 6560
6731 1679
2726 4608
1688 2487
2885 1287
2790 442
712 2685
8442 303
1693 6755
1665 585
8491 2781
1619 2631
1575 9844
7764 7598
970 2441
4207 5060
6916 4114
3977 8248
2721 8958
478 1198
3335 1857
8037 8037
5911 1
3602 2624
5181 6093
6917 7036
2586 6986
4896 1822
8612 8413
3076 8637
2768 2600
4363 4908
9341 1600
9282 4629
8733 9040
2095 2044
6621 2643
8157 5931
6341 9935
6772 813
3035 8542
6622 8342
7497 7243
7701 4926
3338 86
2480 8191
6682 4156
5608 49
5165 6340
2079 3126
6216 6298
4522 1711
8115 2736
8496 5226
1564 8923
2868 2571
9990 6334
8561 69
3206 340
296 3417
3246 2353
404 790
8751 2943
501 8092
8032 6858
9188 9437
9996 621
8555 8018
6155 6732
1468 5815
2339 5177
2783 9450
7397 4192
2122 9496
671 5450
313 8754
5908 8717
6705 2236
1984 4470
5290 4960
9479 7249
227 8347
7766 9035
1987 4315
6675 401
2394 4434
7130 8155
6752 7509
8202 6951
5431 7636
8572 1549
5427 3847
1843 3359
3737 6519
7556 1925
6722 8557
2923 3666
60 9532
8098 3965
3130 2537
5007 2511
806 6047
214 4835
2574 5444
2496 9428
9312 635
6226 5632
7862 1711
8693 9910
9852 7901
181 5107
3426 9494
9965 5323
6085 7901
611 9698
504 5805
7428 977
4865 8316
4061 8859
3814 7482
7999 6740
5658 4383
8094 3340
5356 7298
8224 2832
9034 324
6189 64
9714 7853
8032 9179
757 4171
5245 5370
2153 4734
8638 7369
141 8761
2169 7034
3831 7188
231 6900
781 4118
9875 9669
1797 2895
6205 6294
4089 2733
4150 7896
5445 1867
7455 544
8341 5931
4033 2284
4377 428
4958 4731
2428 2740
8692 8126
6183 8869
716 9507
7726 6736
5808 5721
1460 3188
9452 1657
4113 8606
2191 7080
1024 6709
8553 6618
8572 3558
8446 6202
3144 9338
797 5589
9477 6256
5671 5454
6743 2057
4374 1347
8200 6829
100 2515
1243 7159
2664 1901
2038 9975
6468 5307
3455 7036
4110 5850
680 541
9461 8131
7393 560
3875 6586
3526 2788
8385 7224
5462 2441
145 8184
6647 8501
3787 8029
5917 5515
5049 8232
8781 9485
6095 9370
8802 5944
8950 7178
4263 4525
4543 5084
6767 291
5170 426
4335 6319
719 842
4435 9465
6699 9511
2757 5570
7850 2480
6637 2751
7764 209
1624 5929
6149 7079
790 3056
2438 6178
5260 457
112 5508
166 4486
2052 8837
8098 2598
4056 6536
495 3423
7731 3995
3055 1381
2332 1414
2901 1891
9314 3277
2811 9636
996 3841
5976 3685
803 8424
1564 3324
9226 7049
1083 7337
6588 6469
4579 1933
1097 6830
2419 3
312 7527
6958 4868
1501 5136
8750 2128
6770 6834
7137 8613
9306 5057
4287 8023
1257 3350
464 8371
4825 4292
6328 1697
4937 8853
9395 7769
8370 2898
4363 4387
4389 5967
3486 8393
4311 8957
7605 5741
2657 3074
102 7331
1920 1882
1881 1882
3905 5492
9790 5301
5346 2836
9872 5145
9055 5822
8816 9676
3202 1884
5036 5656
553 6589
9314 247
6471 1955
8261 4900
6948 3903
3904 9290
970 1203
4750 3129
9175 6310
4854 5886
4273 8225
9119 470
3665 2556
3975 3910
8751 7449
9259 5541
3049 4235
2256 4531
3775 4741
6844 1200
3574 5917
8074 7374
1009 9392
6128 4758
4834 1685
4546 8623
4953 1352
5216 4543
3830 7596
1593 9478
9845 709
3137 5124
793 6468
1309 4065
8407 1591
8582 8574
8103 518
521 7823
1446 9383
599 1761
7649 9710
1879 5962
2378 3938
9789 2352
9650 6022
2618 6103
3372 6586
9024 2249
9486 2103
6653 9206
1218 5394
2217 3553
4137 5685
5770 8450
5915 9033
9964 4863
539 9388
3953 7045
7114 5582
1601 2692
3779 3636
9662 7007
7537 7114
5554 7844
1248 8729
7683 7416
4218 9709
1561 3223
826 3390
6775 6782
8124 6597
3443 5909
1190 6864
7865 1516
9971 9877
5577 1559
287 5885
4126 9740
9053 1092
3850 6337
6709 3278
2180 7732
9191 4104
2527 4978
7887 6972
4252 5398
6450 7784
8901 4199
5498 7427
3866 3905
6983 5441
8392 3437
1227 2667
5010 1930
1086 7564
9861 832
8261 6144
408 866
1872 9318
8279 3163
8426 8701
4803 7598
4983 2450
9521 1274
5416 6278
9963 4879
1434 8213
1082 6134
2605 654
1299 9931
1444 4936
3185 8547
9675 4875
3304 9027
1475 3923
9904 8275
2374 3712
9492 8688
8719 9626
8081 3228
8727 2495
5280 3963
8649 3835
516 6780
3192 7842
2600 8324
4056 4462
6669 9869
9824 6756
6650 6388
6601 8811
5741 5725
230 9018
7783 6223
8819 8649
9097 1780
7956 9658
8091 7013
4285 5299
9425 1699
4495 7714
1330 7196
3343 2447
8300 4658
4879 9633
8201 864
2392 7223
7152 3408
6347 49
3463 9540
9578 4177
8947 3164
458 7872
1870 9119
1809 5295
1175 4947
5812 6368
7273 9558
7400 4018
7815 3376
4855 3799
4447 1503
324 7451
8540 4344
3085 4843
7024 116
5521 9440
5510 6597
1811 4934
9467 9809
3226 8376
1331 3946
3185 1114
6522 9639
5300 6527
1739 9776
6330 9622
8807 3082
1920 1905
6193 7349
3509 9151
5204 8896
8469 210
4264 1945
1886 6142
7706 2391
5578 6286
2952 7510
1331 5954
1419 5940
3330 7749
8428 4794
2761 9398
3305 144
1785 5743
5199 7873
7774 4397
7003 706
584 7207
5673 1220
1243 5373
3836 4946
727 7458
4963 801
5172 5055
2461 642
1431 6960
7404 3060
9876 3121
114 1529
5336 4342
5807 8700
9245 3987
8725 5437
2335 8837
1888 4764
5456 182
6792 1272
7030 2945
8756 4029
9468 5191
827 2345
2751 4779
8718 4499
9274 6729
1883 9549
784 9282
9220 3406
3416 2072
2917 8538
9187 87
2260 1766
5405 3375
8264 7809
455 4386
4941 9485
1798 911
2553 4723
1454 2533
6144 8175
32 1221
6464 7506
5369 5501
3628 1084
653 8156
6839 3480
8546 7980
8137 1992
4720 1373
528 3281
205 6055
515 6949
9426 2317
1776 7587
5907 5402
3075 8129
4513 6483
716 4703
6755 8951
1140 5495
58 1592
5298 3992
566 9736
1997 629
2479 3019
9794 8665
376 453
1236 7281
6323 4031
1703 3528
1675 9202
9968 7381
9826 8290
9054 2385
4228 5505
2363 7599
8427 8345
5189 1143
612 1317
9891 1081
7621 9871
8755 8449
4896 3725
6388 249
5758 3199
8282 9693
263 6567
3919 329
3384 8454
4310 2259
1660 1153
1963 7078
1898 512
7675 9247
6857 5029
4891 171
4506 8403
2096 1093
7012 4759
829 832
3262 6735
28 984
2396 7780
1831 7933
3884 8065
2580 7382
7060 7089
9064 1840
4139 7558
2625 3082
6121 1570
2592 9556
5337 9090
9808 3790
1797 7427
5395 2257
6151 6648
7610 4624
5698 336
971 9546
728 2452
506 5646
7163 9213
8475 7210
201 6777
4020 9165
4524 2439
786 5910
3127 8890
2643 1763
3164 193
3273 7932
8917 2626
9568 2488
2942 6687
8980 7940
1740 5231
5858 934
7590 9061
3945 4253
2976 1114
1279 4721
8134 6141
2667 5225
2844 5846
5286 9785
9687 6278
2403 566
3561 695
7268 4096
243 1051
8613 9416
5919 9444
1865 9180
8054 4866
9321 1544
5927 6619
3063 7187
2212 4339
6982 5029
625 8397
7616 7182
4117 75
306 1140
4292 5771
7989 7909
4979 3635
4392 2787
7215 5408
4728 6709
6751 9680
7604 6805
7806 4256
6637 7483
10 9889
9667 7364
1765 3231
4399 5694
4891 7086
8839 6130
309 4459
9946 2802
3859 8860
1365 2331
2832 1303
9726 8333
2056 481
7210 4306
8840 4391
4104 9347
1331 416
8933 9807
769 2825
7169 4144
8591 5680
4746 6861
6888 6403
2198 6398
9022 9939
4615 6219
9002 3781
4852 5389
141 1152
3586 9822
7662 7844
4737 8920
6456 3028
3179 5845
5422 2463
7792 2604
926 4743
1582 1515
1141 452
989 6286
7939 96
5354 7456
2646 7825
7450 2743
5932 7780
2395 4825
7263 6835
3973 5965
4081 4284
3746 7927
7107 4026
9619 7314
3141 7408
7799 3022
9442 4125
9216 842
1207 6521
8333 7511
1401 3554
7444 6173
7574 9218
3229 8167
8504 6336
3308 574
5165 1647
8080 5218
7742 1599
1870 57
5122 6221
2656 9978
9693 4429
600 7758
1387 6231
4245 6874
7694 6
9826 2008
4318 4991
9687 8836
4425 9356
488 3610
4385 136
40 9051
669 8691
3670 4066
853 6566
4091 826
3450 8731
9351 2733
8388 2147
5082 7445
7130 9821
3908 7331
8943 3383
787 1571
5734 3607
9890 5471
3358 9378
9351 6631
7313 6175
9335 750
824 2335
501 4559
3229 1412
5603 711
9187 5145
9014 1068
6718 3597
8047 1245
279 7105
512 7586
5855 2342
1515 3499
92 8303
6960 2271
533 3778
7350 3494
5596 6104
1907 2774
3077 4295
9004 4198
4824 3507
7920 8870
8234 7211
8888 5661
307 1179
6447 8560
6501 6788
8265 948
1471 9073
7724 2521
5089 9781
4644 1675
8383 8026
5532 1633
1986 4274
2389 200
5211 6597
3050 6917
3968 7863
3054 1435
7686 1843
2437 9262
3853 1251
6546 1121
9091 7969
5502 9147
1373 1068
2214 5355
5719 6226
2482 807
6183 2059
5098 9488
8741 6372
2392 4576
6858 8658
2860 9144
7125 2639
8714 2453
338 685
4827 7033
5530 5553
1269 301
584 9569
445 7757
9353 170
3204 3259
7824 5753
4970 6157
2611 4447
2783 3211
7756 8847
8272 7488
7715 2432
2680 9761
4427 8064
8500 2933
5852 8907
5100 9054
8255 5605
2274 5164
2435 6744
3830 9249
3148 9122
9181 1151
3244 2251
6336 4715
6676 3986
3991 9029
7087 823
4970 4521
1484 9577
2742 9810
4893 6174
8335 3466
809 1638
1958 3380
1797 9246
52 162
1937 8530
7577 7526
3668 4442
4599 4380
8997 870
1552 6290
4878 7269
6508 6218
1495 4625
6746 7728
852 8044
8454 2535
2029 4055
6879 7064
7542 9300
4907 6658
3086 74
2515 5119
2080 3055
8267 5206
7456 346
3979 5728
7558 6340
7859 2742
835 9547
7001 6464
4462 8479
454 6124
4028 8350
6399 6205
4964 5348
2852 5235
5455 95
8020 8850
2314 1564
7936 704
6414 8120
1329 2995
4343 5905
6983 7039
1443 7348
2112 7972
3935 1646
457 4539
4352 8828
9623 2204
8307 1789
533 7651
7226 7536
2803 3810
1473 7711
6496 536
5653 533
3504 1869
6000 1806
4532 7087
45 2787
1685 6426
3882 5873
5190 5598
2165 2301
934 4431
8021 4478
3629 7411
9143 1260
9614 7028
3701 4362
2311 6982
3664 7508
7773 5852
5011 3414
3441 4257
4518 8785
3931 6425
3116 5753
7135 3548
4052 1692
6503 9470
8402 3388
9311 2580
4717 2852
5615 9108
7541 7577
7863 4529
3831 8824
4119 1942
802 4575
9042 4962
9215 4488
8803 1973
474 4306
5512 4895
3811 3615
2294 6334
6472 6112
7472 1945
4789 2204
4427 8816
5911 6429
2983 1999
3501 7756
4910 3878
9041 2599
7893 662
7445 2913
3431 614
7322 1778
8636 1996
7314 3836
3896 4687
2440 2050
8588 2936
5971 6584
2065 7129
4127 9699
4476 2564
8252 4410
2166 2232
7634 7000
607 9376
1738 5420
1513 9802
4484 8050
218 9310
7587 5760
7540 3541
3882 9439
7796 755
3014 4756
5688 3647
3760 3190
3930 8127
8808 3906
6303 5451
4386 3442
3579 8457
6520 6043
9994 161
8410 6863
5370 6514
6170 464
3372 7837
8336 7625
2322 6645
6581 7278
781 2700
3225 9375
4499 3834
9234 6276
409 771
9249 3316
9507 2425
7208 1706
4100 109
7429 1267
1472 6279
3114 435
3594 9311
1988 6476
1697 5334
4161 5404
1426 8437
6512 3892
8906 2980
2689 2808
8477 3903
539 759
1546 2379
7024 449
1405 4795
8103 6706
8827 2986
4185 234
7929 9390
426 5482
8344 1995
4661 1943
3789 3342
8850 9896
8162 923
4248 6268
4034 1074
8536 2825
7645 4599
292 6503
4009 6650
1762 9004
363 9289
1779 8530
1360 730
7178 9884
3592 8503
3716 2792
4030 8737
4688 7946
1720 6950
3813 7442
5302 9846
3814 2579
3802 6970
843 1776
6820 64
1485 1420
9692 665
8315 7345
2171 2080
9739 8471
2392 3674
9072 3561
5808 6287
416 5030
8201 7189
4605 3001
9047 5750
6117 8724
3513 6130
8490 6408
4355 9785
9706 5191
8597 5776
9818 1157
7546 9790
564 4388
4545 4391
5337 1794
6984 4300
3772 6411
6061 3422
6933 5587
6001 4797
7033 1676
7578 8836
5108 2399
9029 9356
4573 1700
8960 7126
7397 4594
9134 7389
9388 1409
5362 8261
7984 8919
1972 1023
9261 1859
3646 4568
4772 6098
8513 1741
8523 9034
7960 4841
5838 8530
3830 339
6037 3355
4725 5477
9223 270
1639 1261
6192 9698
832 9919
6376 9018
2565 1288
9432 8354
8145 5859
6378 7253
250 9330
5705 5093
5949 1521
9104 841
2123 232
7516 2226
5419 535
5229 6490
6086 2719
8856 2963
8255 7114
7382 3448
2397 3358
1768 1417
4578 6449
3284 1719
393 4733
6786 9611
8322 4255
577 2220
3759 7458
9776 7123
7710 2375
8683 3997
7630 3309
4542 2588
1529 5175
5393 2897
7435 5998
4995 3896
5328 4480
5111 3371
1917 9558
2984 9997
7442 714
335 4788
7571 2462
1554 4870
9341 3866
3981 7280
8789 1646
2748 194
5198 7846
8451 4676
6962 2331
2094 7374
881 9243
3644 7104
9014 9260
5007 6486
5003 8253
3954 1685
756 5602
1802 1660
4698 5738
2848 9425
2678 7522
9908 4675
9670 9044
126 3121
8177 4568
8600 1031
3021 9598
5035 1311
6564 8662
1353 8401
5343 713
8487 403
5283 9437
4220 6115
9833 942
3002 4902
5416 9689
9193 7423
7522 4942
2581 2848
4420 9037
6319 6226
2286 5065
695 4072
2109 8829
2386 3008
9002 1734
1944 3083
9959 7054
7289 8166
3394 3780
4422 7848
7628 6133
3369 3806
8219 6313
2462 8372
9459 8394
8816 74
7895 6667
3519 947
6028 6157
4 7311
9592 4267
6185 7885
9831 3130
1004 2766
4040 6628
9668 1178
3371 25
6469 1423
8958 6758
6782 7735
7316 1972
7709 6693
1410 6646
6199 2549
2277 1605
1093 1594
5826 7604
2999 1182
567 7972
9894 2216
4227 8627
816 8728
586 3045
1607 5945
6115 4
4523 830
2300 9093
172 2600
7686 3143
2151 6087
7591 6653
6926 584
1901 8873
5821 3635
2293 172
9623 9474
8064 20
3420 6778
9345 4993
4100 1813
9720 3499
4134 5956
8911 6141
8483 4044
2904 2700
8965 5530
6156 3614
7042 1987
5882 6333
4758 9159
7285 1763
3912 2854
4450 3392
8521 4184
4770 6485
8085 1793
7886 7388
7110 376
8364 2344
9074 6244
6764 3267
2100 1942
2434 5055
7963 9889
6561 1671
8730 8063
3566 8106
7294 3516
5533 4203
186 9761
5613 4258
5478 4905
1053 1048
721 2542
9650 228
6007 619
7890 8742
3383 611
7145 5140
1657 8582
4805 3090
6387 6699
8602 5648
7709 4484
5258 4420
6846 6886
5305 7200
7975 8463
7703 8250
7250 4581
2361 9421
5488 3313
9480 4170
7511 4122
6110 9122
7826 32
3781 7232
2633 3857
5144 6896
4168 4345
9385 7292
7894 8264
5384 3822
1894 2337
749 2140
6056 3994
7944 3182
4218 4019
30 4029
4836 3429
8379 2769
8297 8086
5855 5765
5056 7560
2098 7002
9972 950
8884 4329
3261 8162
6818 4568
7569 6930
4801 6773
2884 3336
279 230
5591 6044
5420 2146
5408 5792
6622 5441
1868 595
2117 2494
4068 656
395 5653
2188 8320
9431 1009
4388 5502
1562 3427
188 3517
3866 7296
4488 7087
5079 8704
623 5821
3318 4180
3493 8491
6423 7464
2138 5221
7472 3928
8129 3319
148 3173
5982 1813
1466 3472
6858 6958
2977 2290
5605 8017
1915 5489
7397 1886
161 1667
6924 1736
4737 3514
9561 5239
1490 4005
6446 9358
2879 5318
8255 2880
1389 1323
4154 3565
4990 1361
1515 3569
667 4192
4849 7480
136 9879
4098 7956
2023 1507
216 7033
2145 9657
8176 1380
9629 2048
5902 303
5542 8022
8683 6717
418 7628
9088 7551
3297 9042
4062 3716
4140 2364
4276 177
7768 5095
3466 9794
7684 837
3411 6079
6487 5970
2433 5429
5002 5157
2748 742
6563 1641
2368 3596
108 9806
2480 5200
6952 188
4996 1934
856 6664
6930 1020
9666 5619
257 7401
5776 1923
2435 1367
2826 3195
5232 2581
3836 8141
5766 8847
8695 5870
1362 592
343 9552
6856 8050
6174 6206
7821 719
8902 5662
8156 1637
6090 2825
1820 444
3822 6902
9993 2217
9112 8005
8368 7863
9661 622
5824 1310
4680 4450
9659 4297
8833 9031
8373 3569
3278 7000
1091 7441
8924 3000
3048 1205
6523 5185
2004 5203
2181 4769
2387 8282
2004 2930
6361 2562
8443 9397
8092 3485
5597 3894
9760 6661
7606 7190
6833 3882
9672 8580
9239 891
3702 4045
7856 7211
2009 2639
6391 2534
325 8599
1650 7982
2855 3707
5534 5506
1656 8849
575 2168
5187 8223
1360 8507
5098 8666
7967 657
5895 6691
9056 7315
4083 2940
5868 6529
9712 2397
4324 8572
5891 3747
7832 4638
7662 3711
6696 7707
2276 2978
7178 8272
8021 4475
1720 7586
1310 9934
5869 2776
8399 7137
903 5338
8934 3982
7067 5171
3850 6347
2152 3281
4906 1690
6566 4793
487 1559
9675 1874
4905 4832
8544 7168
3188 6906
7280 6037
2886 1800
8088 6146
8884 6285
5943 5402
7887 5449
1288 7247
6762 7308
191 4506
3988 9652
1219 2543
1660 2380
7557 7247
4376 3100
4213 8345
4112 6998
9877 244
3952 9641
7217 7434
1439 8275
1400 7164
5404 3425
9740 821
848 3461
1105 8092
2713 1307
3098 2102
3355 8303
4771 1070
6023 9742
6418 3824
4598 3619
8346 4938
8912 3118
5705 1368
7411 7331
8837 1286
4923 4306
7381 5698
2802 942
3017 5
8457 1375
5109 7936
7067 3405
4882 1909
3610 3727
375 7585
7686 8675
8413 3155
7412 7309
4690 5047
8221 2886
2786 5985
1437 9590
5467 7042
9293 7557
8170 9546
4880 2635
1581 7241
4372 2806
139 5271
471 2070
8541 2572
3526 6550
5414 2781
4123 9310
2725 2225
4653 7875
4512 2418
598 592
7219 1723
9292 2761
9808 949
9770 7928
7468 2956
5258 7357
1840 1394
7436 1601
8031 8186
3711 6909
7066 5833
8221 8669
4391 3776
2475 9042
7434 4155
753 6795
7291 683
333 8235
3652 6935
5132 2241
8150 7701
1662 6442
7693 2873
4088 1930
8820 7924
9418 8414
5607 7814
6616 1782
2613 7437
450 428
9433 2849
2415 169
4124 6335
3475 9951
2579 6377
5779 5771
8846 3858
5948 64
3323 390
1572 2069
7205 3581
242 7380
4855 9481
1579 5531
9676 2956
5983 8197
5280 3946
8884 6216
9988 3705
7084 9328
5324 5520
2798 2543
7844 8968
9835 2239
860 4754
2783 167
2023 7808
7257 2781
9065 7193
5239 7903
9980 1774
4850 8482
7130 4302
1707 9398
183 5746
8772 9696
9751 9552
5721 76
5728 4811
3809 9232
3491 3422
802 4682
7773 357
1890 8345
3421 2975
6560 9246
1700 3916
2613 696
608 4745
3862 2150
2794 4170
8338 3047
5218 1675
7021 5542
6269 516
1063 3811
1141 6728
3543 4601
6231 3825
887 5469
1373 8025
1531 1554
798 6612
2509 9682
9524 4566
1561 6626
2819 3378
9958 8371
7492 7224
2879 3081
4592 1135
9800 2399
4340 9902
7236 8542
9091 2308
2393 2923
8898 5000
2043 8629
7516 1213
4553 2976
364 9612
1412 4779
1388 853
9156 5073
6049 4260
3439 1505
3227 8092
2571 1206
7582 2750
919 3217
7355 1486
4835 3784
4610 5423
2641 6602
7989 201
6585 5460
5752 9251
9681 3720
2100 3247
9194 3893
8890 3799
5022 4455
6663 5960
9382 9921
288 1699
526 784
1653 1616
375 7920
876 3297
8047 8607
8094 7950
2431 9412
9753 8693
6859 6784
8460 1257
54 3263
6209 8238
3610 9210
3285 8167
4444 2201
679 1595
2001 705
8660 212
7913 7387
4757 9039
6934 6045
902 1008
9740 3152
8018 3248
4037 5909
4157 1581
8744 5183
5518 5045
8637 9393
8576 3200
2799 5032
1028 5654
8257 1431
5245 8906
6783 5552
1332 9058
75 3930
8834 6872
6654 7835
5427 866
6116 356
3933 1177
5489 1926
8240 7448
5335 6335
7637 233
418 3314
4931 3430
2450 29
4997 8640
4428 5317
272 6679
8628 2817
6226 6008
6480 452
1344 4281
6274 389
2563 9963
4158 8457
5759 7823
270 5628
7107 2703
2534 4185
8620 1729
353 5344
236 9476
3477 8337
2481 6603
2218 7228
1797 8771
3862 2515
9551 2327
2251 7821
7647 1695
5815 8038
2434 7443
6303 2130
8158 4034
8146 9207
2262 1212
5166 822
7955 3449
2645 798
5689 6450
5426 6949
7288 1495
6846 1487
7947 5614
2821 5663
6256 9420
5191 2873
2668 840
5093 4746
2486 9548
7829 1284
1193 7983
2282 2737
5375 3350
1794 8759
3689 2612
4754 9627
5728 6508
6542 1573
7609 9690
637 8510
1326 6148
6291 5902
3978 886
5190 4262
5429 9859
3649 9623
2521 4542
3694 7490
859 2763
4414 9331
931 4127
9587 6013
815 4517
2492 115
1037 5211
1796 4322
4469 7116
2762 4461
5729 50
7268 388
1827 3661
3904 2180
9840 8058
664 8140
9208 8523
137 9678
8714 1351
9042 3542
4807 1926
6314 6660
6102 8971
9054 992
574 1446
675 3145
3233 4443
5049 3550
9447 2891
7204 5730
3977 5681
5990 3284
6737 7765
1133 9848
1651 5978
767 798
2411 7138
6951 8600
6322 2515
1416 1179
7962 341
7334 8671
8363 972
1686 7065
9408 273
8047 7080
3012 28
1856 9149
8191 2276
8681 4153
7782 2977
8690 2277
1898 553
3562 5570
1694 575
5740 3643
3870 6716
8988 5903
586 6320
3958 6621
3745 1336
7971 1927
6183 7434
8791 1035
4191 6109
4935 3016
4716 5555
7310 6682
8334 4856
712 3785
1530 476
9475 2035
6330 940
1473 6897
8771 7329
46 9576
7707 672
2393 5389
8786 1724
7434 4770
1780 2345
6120 3547
5805 9642
2136 4782
7333 8058
9814 5777
8027 8398
2438 3230
3510 5671
7334 5204
4310 8177
4985 5144
1665 9929
8488 1715
2176 7572
7948 1778
5692 3178
1238 1660
5470 7937
2017 4241
7036 1913
4806 3530
9816 8081
9748 1070
8719 4814
8383 5016
2866 2345
1841 9998
844 4125
205 888
7660 6154
1728 999
2456 5135
5879 4112
5725 8144
7363 7861
2595 4575
2597 8211
1557 4954
1704 720
2989 5723
2897 9221
6581 15
692 7101
4708 9740
1387 5276
4685 4008
6966 294
3778 5041
4240 9947
4224 1060
5741 6488
852 6105
1672 2827
9403 6930
713 5433
1297 9099
2929 5890
4072 8479
4003 7004
2090 5366
2532 1401
468 4136
5390 4916
5638 9030
6533 113
7994 146
634 5195
9250 9706
9508 9282
1319 9193
8048 5469
4737 8853
9296 7121
3701 8936
7920 1361
7132 5043
4363 7379
5067 6902
1821 9428
9480 2951
3473 6333
2897 9472
5428 3255
5500 8866
220 4050
3382 104
5762 2582
2441 4858
8405 5480
4252 7311
9611 3596
600 7297
8621 1199
9620 3354
7110 8968
6648 4676
9725 5911
1389 4438
6515 7007
3750 7191
2023 2873
3450 8632
4167 707
9486 9155
6757 2029
209 331
8152 1325
1172 2642
806 6058
1123 4828
2081 363
4196 9985
3844 493
2858 451
8530 3378
5142 9139
2671 3900
6780 9386
9686 4033
7128 262
993 8220
3818 4891
9316 6052
6785 7396
4794 841
1607 8762
5244 9348
4433 2798
3824 7770
5859 9740
4008 6886
1236 3783
633 785
819 3922
4157 7430
7051 2766
3261 2852
1051 178
819 9882
6278 8509
1362 9160
2663 8607
6648 3652
2190 2430
2136 7643
777 9561
1314 2180
1191 5399
5241 4985
8848 6408
4934 3056
3868 3998
2350 5824
3082 8399
3958 6605
8956 5497
7598 4231
2562 8614
3561 6081
1275 3817
7388 9391
6592 7532
436 9486
7627 6120
6037 8373
1843 4220
3278 8618
2856 7026
4459 1338
1322 7328
158 3407
4550 3801
4052 785
9419 3850
5875 5077
2818 5050
7148 3361
8495 1468
6247 114
2910 9502
9475 8553
7394 2087
49 4392
516 3186
6228 7634
1883 1452
9949 8306
142 2869
3799 4535
9011 7288
1723 2725
9374 9263
1035 3265
2400 9091
4304 2159
6952 3977
7472 1580
7874 9547
4970 575
1018 5387
1339 1199
1802 2201
9801 113
3354 5309
1609 8774
4244 9599
8934 9402
7181 359
7439 9792
8959 6522
3046 1144
9388 6523
6322 2089
1834 272
2403 8121
8648 9913
6228 8721
2835 9387
8060 1020
7865 6313
6837 2
3105 7775
4316 3970
2014 763
7226 6278
9033 8751
7893 2447
4532 9728
5652 1268
8712 4766
7346 2834
3244 4045
1031 6729
469 8645
7250 7591
1890 2652
2324 8807
5465 7626
9305 2320
376 2861
9380 6680
5730 7551
1262 4804
9447 9343
8006 7345
7603 6780
844 6848
7901 9189
8619 2736
9767 7557
9140 2169
1297 1125
7529 2152
383 2952
9911 6825
3677 1491
2718 6461
498 6559
7702 2766
3698 190
4011 8386
3248 3358
3940 3079
1095 3174
2699 639
3773 9147
4224 3153
1076 9560
6831 9080
2959 7247
5797 9318
5433 3889
712 5115
4224 5828
530 1486
4539 8056
3525 3544
877 644
9517 2100
4536 7357
3970 5547
9312 6111
7260 528
9262 6353
1280 9670
7183 9924
8359 2653
8865 7127
560 5582
5694 5643
4194 9516
6936 1156
81 8576
9433 8352
5895 890
7127 7029
6048 9545
9126 5340
4743 1867
3947 1068
969 915
972 4037
6956 8704
3463 9215
3832 4574
1057 8589
8622 698
7355 5855
1823 9660
8328 5550
6675 9906
4718 7992
6951 7537
4807 2705
144 7869
7873 3475
8360 8843
3136 1852
590 8628
1395 8978
9270 118
1733 2280
7992 5013
7732 160
1907 9816
1543 4431
8032 8370
6629 2398
5854 4750
7740 7398
8264 7092
2941 9229
379 7362
2396 4541
6349 444
9456 5387
7690 6180
984 4
8153 4365
2372 5413
8303 1602
7199 3622
7944 9481
9331 3893
5206 5921
3538 3964
3172 1271
191 3705
8454 3527
9730 215
8355 146
9464 8933
8198 5391
6732 2408
8343 1948
3408 9668
4810 9100
3369 3613
2003 981
5795 9172
6942 9572
4366 8793
3265 545
631 6910
6787 6333
2261 6408
9006 5210
1784 811
2096 526
8353 268
4929 4110
2568 6701
5059 261
5359 3174
5342 7967
4668 9981
1684 1335
9873 6480
4725 3513
1031 8538
7821 7928
8851 7683
2644 3667
657 2656
8544 2831
6535 2783
3403 3524
545 8365
6567 7962
606 5945
6042 9592
800 4327
105 414
1379 498
4656 1804
9230 2393
1509 6040
6765 8448
339 809
6115 2056
487 5358
4075 897
8234 1283
1254 4925
1685 951
7394 3922
1668 7412
6307 2319
2659 4487
7650 2620
5119 7213
2880 5202
5018 1853
3886 4229
312 4336
2276 8431
5328 4465
3579 575
1911 9506
7801 2426
212 3653
1043 7276
2210 5711
4467 295
6475 760
2045 4894
8052 7883
2876 1277
5535 514
6629 6618
7959 8363
3597 4129
6418 6689
7071 2382
3660 8422
5129 4660
2785 5785
4675 6819
2237 1393
5709 4112
5877 6332
4120 9352
9350 296
8880 5952
698 9679
7167 9607
3524 9699
4428 8338
9681 1642
2113 7573
8846 7077
5950 2457
3144 6675
167 2774
525 7275
7695 1257
835 3285
2967 5095
877 4486
3725 5360
9290 3064
6320 9895
4152 586
9593 7710
4468 2594
2493 4493
9925 9336
273 4678
922 1412
9755 5809
465 4975
2210 8310
9835 4903
4330 9623
1146 8779
4730 354
6804 8560
1225 4588
1029 1916
9723 614
2849 1588
359 9479
2285 107
6509 3447
6558 3767
4391 3190
8646 7740
2567 4703
5019 2936
472 3807
9409 8243
1922 4467
73 7491
9552 3266
5622 2048
9693 4646
7454 169
7144 8682
5443 6878
3495 5682
9860 5442
928 1698
6873 9717
9457 3468
3309 8370
3908 325
1291 6537
4102 5182
3656 6799
7164 7430
7332 6929
1810 543
5006 2150
7370 2519
6564 6524
900 6206
3121 2643
1856 4134
9298 5648
4473 8096
7837 8417
5342 1420
6676 1113
7684 4801
7724 7293
9098 9489
8629 114
4813 5013
3654 9074
9791 6802
3935 5060
7692 6827
2326 9206
9064 4621
3806 8642
8205 2322
999 5428
3901 1428
9137 4582
562 8659
6395 958
5957 7790
1764 3230
4945 8304
1363 480
8459 2434
6381 8300
4941 1759
2656 8235
680 8936
5899 4775
5838 3732
3059 9506
694 337
4345 2466
837 7554
8298 4248
3602 5345
8788 8403
6243 1950
9874 3239
8480 5430
794 6683
7760 9653
9215 8202
5689 9386
4240 8012
3855 5014
575 3714
915 4669
7528 5387
497 6207
4715 109
9164 608
2425 8358
1312 1722
5414 285
9058 5898
1603 2782
8605 6797
5367 4572
1658 6361
809 6727
9469 9411
4913 4690
7383 9703
4195 2976
2979 7949
9665 6152
7669 3307
3206 3567
5123 665
7554 6454
185 2210
7456 5010
9310 6147
1065 163
7535 7695
2644 5132
5781 4788
2193 4384
1746 4069
2142 3017
9164 5623
6821 3905
8238 8777
9073 368
6157 1409
7645 5875
9106 6001
2518 632
793 8868
6010 2020
3809 4382
4241 4808
8955 9922
1954 6404
7670 6383
4464 6808
2313 7425
5803 1531
971 4185
1145 8646
1715 8312
8503 6436
18 2023
7190 922
4083 8724
3424 976
2247 3387
186 5893
6510 6143
8090 5496
410 4813
8794 4821
6547 8078
9036 8203
7617 2859
5510 3148
1890 3571
3293 8784
5452 7977
643 8641
426 2790
5400 2826
5953 5054
4630 9819
431 1292
1062 7842
3037 3185
1512 8273
6103 1959
3370 9976
4070 8240
5548 5218
5050 8802
9411 8478
5432 2421
4002 1218
9629 6214
546 9699
6512 8225
3535 1941
9327 8271
4973 551
379 9473
6006 9199
2675 7093
3558 3335
3646 1330
6842 2833
6551 2833
9220 2726
5117 8652
8876 655
9786 2948
2967 8459
7495 9342
5351 2824
5925 8528
2262 154
9623 4254
1508 8442
7683 1397
6206 6091
3204 1259
3736 6552
9593 876
8035 7122
5724 5393
9179 4464
4349 8358
1174 5852
2603 6821
9181 8330
3033 4823
8810 770
7336 7502
5413 254
298 6080
2412 5838
9199 2664
1098 3160
9772 1729
2403 6424
1614 9712
2908 5800
4301 3877
8586 9000
2942 8560
9411 6217
8388 8559
6321 7188
557 5386
9567 481
7401 2017
2621 4721
6589 3529
801 3927
6252 2390
3241 8374
3114 8653
5992 8529
9583 342
373 5350
6969 1507
2166 4778
1626 9235
5641 4174
5372 2846
1958 4165
6493 7499
2708 1538
5286 6406
8489 8382
3470 105
5853 4727
4116 5401
9072 6656
5818 4339
4960 5301
5994 8105
5266 1446
6324 9009
5115 2898
4096 9712
1608 7843
621 7652
2326 8689
4553 7641
9339 9849
2701 7987
4086 8331
9030 5731
9520 1413
356 9574
5165 2236
7744 2614
9967 8843
1290 4616
531 6145
4381 5116
9558 4582
3409 718
4251 270
93 8268
5293 3983
8698 2585
1841 8943
5134 5574
6731 6960
4197 8653
6469 4075
8853 9341
8874 1668
8013 6167
505 6807
7345 6344
9180 8564
6822 3209
8667 3967
8627 6279
3447 7236
2861 4751
1448 6127
2710 6072
2331 175
7967 4984
9059 6582
9130 15
339 4860
9523 5612
9269 2693
1497 6135
4153 3646
2361 1428
5693 5354
6018 3615
4216 1913
8124 9508
3214 2441
9189 6495
6838 8969
8813 7095
4586 3139
8673 3541
2685 2073
6001 9827
1247 377
1406 9973
602 4401
2497 1639
3495 7539
6304 5222
9133 7919
883 2785
1759 5602
1010 6995
5472 3780
8060 1282
9080 3295
7317 5694
3695 9494
1240 3107
5628 5578
1610 2503
4805 2974
7366 4545
8577 6400
6552 2066
5473 3765
7332 2924
1103 5084
2979 662
3622 8121
2286 5825
3672 7587
6078 9648
314 7164
1340 9369
916 2416
1234 63
4565 7290
155 3491
2756 1369
2825 7070
8631 5215
5528 9619
5065 5080
4947 120
5256 3422
6671 5952
3421 5285
8240 2904
5268 2449
4242 1730
4329 4313
198 5117
7301 7712
9421 5595
7965 466
7965 9891
3653 3516
7721 6157
6397 5944
4447 1085
8604 7075
7218 5121
8452 7385
8894 8129
2529 8190
9025 2736
5090 7129
5306 5291
4051 635
193 4793
8799 6356
4756 7543
9321 8966
6755 3296
2884 4293
6820 445
8909 3645
7254 2216
7113 9402
8390 3291
7273 8941
4643 3257
715 2463
3135 3499
2101 9886
2912 8407
321 4553
3420 9548
9572 1499
7503 316
7986 961
6974 1591
8600 3885
3301 6602
1766 5558
5584 2137
2446 7178
56 945
7823 2680
6291 196
6213 1001
8000 6641
9009 6975
7032 5217
3514 9917
5918 1040
9708 8211
6977 3929
3551 5173
1659 4702
3399 7289
5560 4724
3147 2344
2869 9063
9521 852
3619 2233
8926 9924
5367 8531
312 1423
2321 8243
2229 6660
6366 177
781 2609
1396 184
7349 614
3452 296
4343 3803
5902 3767
8278 3945
1383 610
3399 671
8788 1594
5209 2960
9686 6684
5588 9460
5097 1840
6490 4715
6418 1401
9119 5728
5809 9797
5307 763
8344 104
5443 897
9850 6844
2138 3570
4275 525
982 9729
5258 5892
4919 8069
86 5160
7435 5065
8489 124
7451 4182
9446 9739
6429 8428
5713 5501
7934 6950
4713 1055
7521 6851
8688 1279
3090 1978
2916 5391
6100 360
5394 7734
6157 1614
3927 4993
4134 4617
4818 2472
3465 6449
306 8303
5217 524
7833 1202
9074 8415
6879 9864
7583 5090
6127 397
6549 6445
1029 9094
218 848
8342 7737
6351 8745
9780 9117
30 9736
1489 7849
6693 2918
6797 3916
6605 8913
2742 1672
3678 3696
3521 5491
6413 2808
3736 8312
9537 6393
2752 5183
98 2035
4118 5425
4892 1341
821 3286
2931 3933
7727 6466
1282 5908
6117 1398
253 2096
6171 2598
9531 5024
7940 2352
7096 7637
7255 5080
8963 21
6160 1001
7607 928
591 7475
1607 7845
3771 7016
5995 522
9487 8845
3549 9072
6791 6098
7308 9740
4384 1364
3795 8323
8237 6612
6372 4475
3835 9784
4910 7632
8644 7946
7595 3110
6111 7721
5934 3818
5162 2376
8027 4202
6303 288
3305 5441
7534 4129
8362 3593
2863 8665
7123 5549
3375 8150
7062 4973
4426 1502
4420 1820
1058 3594
5041 8551
2186 4480
1029 6638
2465 1879
7533 5703
9863 4671
9858 9093
3484 8205
3026 1450
1514 8182
8931 2911
3945 6497
6289 3442
5554 5930
64 5272
3207 2504
2381 8748
2625 6851
5547 1903
5978 2521
6931 7077
280 8139
6661 1782
6605 8403
5429 4903
4301 6343
8854 6438
9381 9940
4280 6506
8021 7936
4158 2865
4924 2840
9821 9920
3529 4327
543 9549
4788 2877
2490 2635
4275 5202
4230 6490
3598 3185
9648 3760
767 9089
1554 3348
4373 3409
9700 8033
5529 5552
4783 2147
6406 5050
154 3094
506 1167
6223 3115
1960 62
1033 4558
3924 8747
409 1152
6270 3170
1394 1909
6227 7976
59 8924
6236 7844
8648 2020
2691 870
8582 6588
5524 745
7976 933
2732 5770
7260 8989
1169 8944
6955 686
8040 5595
1134 6036
5140 6225
5820 7597
1018 5949
9470 9656
61 4608
8406 2733
6638 6830
5000 8536
3585 5383
5080 682
9956 9250
1900 2008
1656 5545
8706 5183
5126 2477
8143 2003
3955 8480
746 9420
9442 3522
9162 8477
1410 1305
3784 1392
535 752
2027 8194
9880 3901
4422 4303
4684 9279
7557 779
2312 5698
6415 6496
2970 4699
1131 8985
6147 8996
850 3340
2544 1029
5149 3668
6308 2323
9056 9192
4996 6541
7502 4046
7075 9994
1498 2137
6931 6937
9507 4205
3010 6674
8873 1455
5344 9146
4330 8254
7194 7895
773 2043
4595 5591
298 3180
4651 3490
922 1959
6353 8902
3392 750
1646 3451
8195 1011
2785 9565
1996 9635
1133 844
381 4394
3132 464
898 1851
724 3575
493 2035
7796 8232
2685 2027
8066 8723
8792 2384
4966 5218
6993 9268
9105 3145
2384 5727
6532 673
5602 7085
2494 3351
2813 7542
9701 9637
3322 5225
225 6133
5046 5177
332 8623
9640 586
1253 2084
198 4378
8843 9442
5999 6287
4651 7108
9417 4828
308 4335
2153 8197
641 9106
5904 9888
3513 7323
1878 2476
2346 1091
8025 9905
6837 3938
8674 3653
2674 1303
7899 3422
6998 7275
2148 2332
9776 3819
2486 519
5436 5297
7535 4803
1708 588
6685 7496
8794 9332
5871 5297
8573 8073
7749 809
475 9543
6801 1773
7779 1459
6486 3413
2100 3223
8842 1010
5050 5640
3650 7165
8408 9835
8593 3371
3250 216
6561 2627
6612 6584
3429 8032
4498 7843
7685 5308
4540 7769
5987 3980
6535 7308
4717 7202
9821 2496
143 5829
6676 8056
7555 6513
8854 9727
7550 9284
6152 4949
5172 7601
9542 4405
8362 6959
9943 7062
2828 8940
578 5962
4712 9005
1494 3193
7615 4337
2548 2954
4878 3496
2550 4519
323 9989
6849 6273
3381 3815
3866 5782
165 841
2469 4861
1070 6121
3187 6021
7035 527
6032 4205
5792 4787
2329 1947
7573 223
746 7757
5811 6388
5084 6504
5791 4962
1770 6854
1789 7535
3087 4321
1586 3318
3784 8125
5793 6905
2930 8918
7439 9263
6295 452
7654 8324
3447 7541
5489 4878
9086 4899
6705 3574
6378 8343
9754 3971
3467 5548
8964 8637
9821 6307
9787 8925
5675 1127
6509 7916
7180 1402
3612 7706
6014 5400
7977 579
9890 5947
3251 301
4074 1530
4344 626
5307 8609
9327 9893
3275 9706
8163 2014
1997 7915
4179 4881
6093 1715
3656 6083
3653 1696
4632 4785
7674 1827
4087 864
5704 2496
5958 4836
4807 3003
7318 6172
1217 2135
2927 2248
1167 5618
9444 6893
8019 9373
1660 8080
64 3347
5547 4942
6667 7305
2931 5153
3776 17
3150 9264
8609 1068
9904 5369
2900 2787
8411 114
7444 6797
998 1477
8433 6609
2275 6767
8767 1721
2855 1015
8230 3859
9799 3885
415 869
7359 5081
9647 9208
500 6575
1847 9836
9011 5523
9618 9038
965 4083
6113 3926
9265 8489
8231 2813
2555 7145
6801 6901
6119 6970
4248 6108
5697 4955
819 9383
5925 7381
4940 1468
2947 6416
7419 8194
3279 2230
5697 4229
5145 3471
1773 3944
7112 9874
669 7832
1009 1022
7053 7352
721 6018
9525 6977
7469 6023
2924 2745
3503 7259
5378 296
4702 2227
441 8372
2937 9110
2255 8188
2365 2566
4706 4401
8309 9118
4196 5235
2244 6601
314 6569
906 6652
903 7959
5502 5558
3398 7589
5769 3567
6104 7314
8006 5772
1485 9334
3043 3218
900 2015
8830 5121
4904 8509
2237 9321
9058 4052
7059 2965
3037 376
4048 6683
402 501
5251 5490
2177 6750
4512 1192
6678 6574
9534 7523
1928 1159
7681 2304
1229 6982
8808 328
171 5893
6395 1487
9753 7887
4997 3892
9867 4906
5443 4560
4648 1122
9364 6472
7719 9871
1305 2086
421 5435
3821 1529
974 4183
6381 7352
3978 7717
6309 8856
7086 5948
7864 7770
6487 6093
586 5984
3797 9824
1384 7401
5765 6697
3037 2202
5876 6833
8961 9473
9486 1229
9090 958
3304 1500
393 365
2729 2195
5244 5990
4133 2371
2112 6868
3131 2581
25 170
1106 9511
7836 2019
8630 8181
257 5651
142 7839
4198 5935
6483 1857
7919 2938
2919 3841
3365 7870
5230 1222
4482 264
7443 2114
5321 4243
9240 495
2465 234
9690 5978
3294 6944
2720 2776
8188 2328
8917 7063
3502 2811
8017 2699
2605 2361
3267 4604
6943 942
7412 1144
5787 9384
2700 8302
7550 6883
1423 9284
7526 5548
1604 2663
8948 855
6851 2441
118 2265
1793 1660
2325 4017
6219 9691
5907 9310
1747 3505
2304 6856
6762 1845
1920 149
2235 6591
9955 1832
8872 3190
6109 334
3063 9216
1450 6244
7909 7193
6463 3604
8481 7173
6350 2873
4711 4643
7110 7999
563 936
7967 6870
7626 4721
5312 7754
9202 4689
1741 9015
390 6131
8460 3698
930 7682
1761 8826
9555 5520
2561 4983
1404 8401
5429 2669
2518 7000
5364 5901
8399 8118
3933 7331
5395 9894
9107 5976
2460 6438
4264 1840
2055 8772
1559 4451
2151 5321
5889 3750
2338 8091
9203 1784
9545 6674
4953 8292
582 5131
6307 2363
8237 7350
24 6066
1173 3365
8004 3849
3991 7701
7900 8825
9467 4332
738 9809
2367 9889
9759 9278
6694 6498
5201 5068
7316 8184
1793 9290
7728 1182
8153 8991
3826 4062
6458 2102
9171 8654
3222 336
2413 4554
9241 5390
7737 2672
17 880
252 9338
4068 6829
968 2710
8127 2855
5510 7119
6438 6221
5830 6728
594 9911
1832 4201
5189 627
2477 1106
7933 8630
7090 8925
4403 1353
7628 8694
4384 5003
1353 5396
2677 2778
1792 9149
6328 3366
1174 2838
810 1410
845 4283
7005 839
7020 5561
2335 7086
2445 8888
7114 3267
9962 4017
2115 401
9464 7911
2979 6967
7919 4806
8220 4462
5365 7208
9159 7887
333 5875
9039 3152
3685 7362
7241 7538
485 4638
4695 5418
2698 6956
3319 6718
4229 5883
5680 8233
8147 9012
9224 7765
6445 7149
3436 7361
2056 3191
5041 1034
6797 2780
652 8752
3730 1188
7640 4226
9304 9668
2593 3425
7590 769
6766 9333
8848 5138
7926 1461
7252 8851
8975 1021
8343 9245
3323 3297
463 2077
4147 225
8405 4881
685 5749
136 4653
9527 3168
9376 3493
8384 5358
6740 3518
3716 7992
6970 2643
429 3476
8606 6408
6581 1509
1928 149
8448 408
8205 5673
5568 8213
1474 5759
8157 5730
2802 3995
1007 2458
5247 9516
7196 8758
9149 9214
25 7030
9858 4730
2907 428
2858 5628
7707 3190
6007 2308
2172 5024
7096 705
2540 1108
2632 8239
195 3779
8713 5072
1372 5798
7260 2917
9849 3770
9853 9839
1493 3595
3335 4405
1077 8538
9818 5897
6083 9613
9122 8477
846 8100
4678 6449
6622 3318
15 7339
4063 5527
3762 4350
7190 3135
8404 6413
3830 9167
3619 1737
7046 9251
903 466
1729 4040
2103 2256
4416 4796
1436 7912
4891 3052
5626 2343
5577 7275
357 3266
2487 9072
8682 8472
9098 672
3298 1978
5917 9408
3534 4063
638 4007
10000 7172
6610 5116
5663 9788
2395 7037
5441 4436
8775 4145
4022 5
234 1677
5613 9000
1268 2719
5066 5548
8672 5509
2107 4311
9573 9083
1379 6970
7584 3159
2978 4609
7898 9965
2417 3115
8398 2421
3315 308
3660 2010
2729 5289
5775 8858
7877 2683
7636 9869
472 6641
2744 8862
5362 2395
2924 8605
7841 2905
456 317
7847 1690
8962 2149
9410 2273
8564 8111
1821 3725
1733 8913
5364 1114
5671 949
1965 6236
6932 9624
4304 7270
9596 175
6387 9505
2605 2832
5958 8006
8127 2511
9809 3913
1077 939
5789 7889
7304 6932
6395 3749
6795 1515
6212 8997
232 1789
4537 807
2938 7108
6211 5738
1340 7022
6000 7545
4211 8858
4824 1012
751 8462
1293 9875
2241 21
5578 8451
3593 3096
8573 7406
8576 4928
6424 8869
1065 5009
9624 8713
2341 7345
3787 1609
1194 8016
6629 395
3105 623
218 7130
5958 1940
3056 302
2709 740
6141 7930
7506 9051
4789 702
4725 1000
8467 6317
2125 7225
4323 7806
6938 2302
8534 9102
7232 1612
4324 5285
5386 5039
2305 1281
2528 3683
4123 2907
5459 3409
2272 3158
9239 7737
465 131
1598 9902
8469 969
9741 7569
2011 6214
7176 7880
4757 7077
5184 4913
217 9939
6968 9209
493 5635
1652 6764
1644 9239
9756 9082
3604 4051
8711 8568
4423 2256
9252 9035
2110 2689
7715 8450
647 9926
6003 6022
4534 1113
4014 5115
3477 8810
9874 5366
6851 9738
4085 1401
3656 9730
7363 550
9149 2615
314 4787
7136 3872
9747 7488
6553 1211
4387 5414
1677 850
5604 4038
5702 3020
6277 5619
598 9222
656 2560
6731 1244
5294 9587
9067 8919
4095 532
4166 5266
7335 890
1307 4864
7603 3302
8280 6569
3697 5958
1446 719
1171 8917
6445 963
9341 9935
15 8161
7242 1737
5514 988
881 9378
6689 9344
8191 3070
4294 6252
5625 8723
3068 7077
5836 1806
7705 9261
2533 5556
1536 8887
9927 9839
2010 2858
4871 5779
7955 1911
9414 370
779 7836
4381 3025
6313 9358
9501 6376
5087 7185
4646 4069
8292 6214
5822 6149
7635 8155
7302 5718
131 5232
7826 4234
5743 3732
3040 7825
4456 5258
5 5788
5054 8931
5520 2806
1359 2311
3752 2512
2520 3038
2895 4199
4136 1436
4858 6759
4917 6766
492 576
9111 1957
1334 3976
9417 6333
5864 825
3213 3391
5216 9468
3246 6518
828 2824
7942 6750
6038 7188
9654 5814
8162 1435
2744 9236
2896 4922
6395 9386
2330 7226
6824 7851
9978 9809
5730 3375
9253 3685
482 6381
3820 3040
543 5014
7385 1279
2615 1383
258 5156
8696 133
487 9314
8630 5675
4991 9219
8681 9901
9524 7030
1406 8128
3478 2700
4679 5840
7136 3954
6568 9902
5896 7284
8318 8702
6029 8375
8308 8396
2537 6382
4580 61
761 4451
3652 4273
2672 1316
4184 4055
5583 2177
8898 1744
8138 9131
2615 434
2935 2306
2201 1764
8457 9663
953 4336
1637 9814
3641 7922
6539 4905
114 7142
5627 7837
4480 8112
4966 7135
9573 840
8118 9130
4887 1658
704 7666
6058 7065
9268 8678
6604 5497
2529 5562
4713 3181
3256 614
6963 9332
6253 3423
2493 7661
7792 4008
4822 911
5999 6747
1113 9009
1339 361
2718 8689
6234 8424
3629 8251
7314 8460
8677 6701
2953 9914
9910 2364
3125 6819
16 2771
5194 2599
3419 6940
1970 5914
2711 8147
282 9664
8765 4555
5758 3666
4369 5422
6819 9336
6101 4317
6056 361
5511 4033
8489 728
9738 1567
2226 1802
4994 4871
4499 8869
8314 4909
4665 9309
6014 5654
4781 3793
1619 3494
3901 951
6236 8332
8040 6202
9824 9041
1073 3018
1821 8916
5938 2433
9558 7771
8774 3891
3371 8621
1195 9485
1411 7378
1607 7478
5371 2767
4727 4552
7145 5788
7283 6014
1520 3032
3888 7915
6859 1750
6765 4835
7836 2563
8494 1111
2962 4963
407 9736
8456 4036
192 6286
6179 763
6360 6192
6079 7718
5532 1699
3182 2270
2070 4462
6460 4954
9039 166
192 1571
9254 6405
5278 1624
3919 1858
776 9497
2639 3255
4394 5113
1041 7575
1458 6704
7882 2212
3119 4155
3625 6335
6835 614
9820 4367
8205 4832
2354 4502
4411 6856
5398 6578
6881 5062
5552 1751
8648 1099
4459 9735
4317 5132
7551 5147
9798 1307
4365 448
4306 4383
3600 1284
8790 9439
4090 1398
8653 3806
1400 2206
2099 9557
7370 6638
8579 2854
1372 8350
7612 1035
8473 8781
93 634
5149 6469
3977 8681
992 9991
1440 156
4254 356
8210 8056
4485 8597
8567 4268
812 5132
8623 3928
1099 9092
8494 8632
7580 9425
9850 9218
2157 1501
5339 4905
6822 9551
8213 97
2283 9363
4262 3924
8892 247
7885 8057
1361 2213
506 2257
4246 7631
1870 9847
8782 2262
8328 5941
9879 4999
8140 9354
3354 9373
9195 8668
4103 9810
4333 724
9786 942
8765 5409
2862 6732
8583 791
9351 2174
2454 5766
8981 6391
933 3733
1677 407
4540 9422
3971 3465
4417 4750
2849 3122
2737 8476
1643 9603
7988 1116
3033 3523
1352 9376
6341 252
7649 3512
9888 8736
4594 6977
6960 824
3998 6939
4147 3844
2355 7214
1877 4336
1479 4485
1435 5130
508 656
1169 2526
9572 8169
6661 9389
8924 8921
3240 8880
3703 2096
309 8933
9862 6802
5898 8651
5993 5830
7470 6021
830 9352
1201 8093
307 4127
1570 6115
1377 1270
4792 9498
7278 5755
7679 4286
2265 4626
7358 7547
799 6176
778 5547
7380 7806
9262 1023
2526 2436
5336 3148
3961 7275
5873 799
1708 487
7733 5389
2497 2412
9702 2263
5790 3198
4463 6694
9355 8260
8015 5934
5380 9554
7532 2844
165 6082
5966 8747
42 3212
6545 939
2591 42
4515 6912
7690 6125
4991 340
7926 564
7390 41
7045 6275
1351 412
2903 5441
8816 7997
6484 5297
7110 900
1012 6195
1349 698
8643 4972
9834 8180
4002 8695
8313 3201
6012 2070
9075 1473
9845 7638
1511 4139
3292 6324
7579 4559
1326 8845
4685 3111
8663 1392
7317 6328
9359 8112
5103 7130
8960 4775
2226 5144
1891 237
9841 122
1204 2617
3531 4201
806 5525
7152 2688
9070 9325
1752 4896
3798 9220
9645 1276
891 1364
9110 3030
1582 8064
1384 5160
2935 1978
3509 985
3593 4559
9083 8851
9635 1902
690 3945
26 1170
6856 3662
6839 8116
6995 8827
306 3280
4384 7775
6186 4184
4803 937
5963 5993
7871 7980
1376 3695
9051 7172
3086 8465
507 2644
1466 6479
3445 8366
1766 7871
4771 393
4801 7661
7583 2856
8925 6256
4594 3202
496 9618
9290 452
6319 6301
9707 8556
5664 9302
2085 6208
9513 899
9643 1916
9613 6206
7116 9968
7748 8067
2803 7976
3901 8023
8488 9875
2610 5899
9633 649
7717 4000
31 3688
9443 2056
1859 5121
176 4920
9171 8594
3535 7222
4908 200
2791 9586
6216 3832
8849 8294
6136 7964
3064 3060
2887 7248
5604 1224
4300 4947
4173 8522
2019 6622
8661 9355
4956 5889
6143 8644
1396 8327
9901 5805
7164 1536
8680 7679
3869 1030
9659 1941
9730 5474
92 6718
9617 3586
605 2616
6514 8150
3476 901
6818 3440
1953 6371
4665 1913
6411 388
3482 8060
7257 1622
4540 2138
2562 3045
11 6777
8932 2172
9837 7670
97 6466
9219 6936
4555 628
1320 2088
6011 3837
249 8644
6934 9655
2003 5487
8313 3070
7886 2748
4317 818
6032 6610
6812 4520
5219 1520
9650 4458
454 9749
4670 4298
2364 6394
3721 2398
2974 8128
6653 9417
9004 5828
8194 6463
4626 2106
2211 1285
9938 7871
4903 8372
3517 1640
1950 2701
4870 2079
2400 3813
124 9747
2173 7628
551 3441
7258 564
4880 5845
4537 6198
904 837
7935 7409
6078 6231
2012 594
7492 6747
9804 9648
2321 6055
8797 4774
7689 3502
1110 6077
3965 4534
6387 5151
4607 2905
9679 9508
7294 340
2479 605
9318 3577
601 791
4191 8463
3099 249
9581 5433
7835 6532
8829 2695
1578 4027
1017 8799
5875 1148
2509 8072
9083 7810
5078 2143
1344 9292
1719 3757
9265 7219
2062 700
2180 3793
205 3782
8884 3776
6105 5087
8381 8852
6062 4740
7542 5504
3991 9879
7077 4164
2937 7113
2651 9302
6662 251
4873 1953
9311 1125
4095 3762
2740 8298
3417 4198
6488 6432
6236 7737
8909 3170
9074 1240
6360 8999
8429 7699
1027 1385
64 9004
8421 3980
4274 5832
2637 1055
2984 7461
7652 8922
1111 915
4196 6188
4178 2007
1404 7139
5393 8540
8386 501
6710 1541
2403 9290
3122 9871
7527 4672
1249 2663
3365 7666
1522 6000
9801 5004
457 4836
3377 2316
4123 1925
3816 2363
2313 5394
3135 6748
962 5497
5884 5207
3538 8322
8791 3630
9848 3740
2628 5482
1346 392
8859 1895
5152 7808
6023 7445
6553 2944
31 5047
4818 7184
7732 4989
8816 3663
730 2504
4982 1700
8691 5250
2782 2279
8853 4667
6092 4626
3496 7181
7137 3203
4813 6586
7705 3385
2162 3269
7761 755
2832 8230
7157 7171
7820 2346
1031 7270
9702 9653
849 9102
1129 2828
4539 3634
5213 5666
8381 61
8560 7867
4557 1175
1650 9719
1679 7709
5155 4490
1237 1877
1896 1411
5526 8186
2131 5125
4065 8738
312 6727
1889 4783
7682 7057
9999 1027
3014 2240
1429 1225
7609 7308
9103 7575
2050 683
5901 3905
9367 4408
3967 8525
3335 1590
8838 3835
4 6225
1564 523
2594 6429
8506 3947
498 9558
4104 9220
7463 3853
3771 8137
9670 3183
6094 5025
8168 1763
886 1419
6905 7634
2783 3144
4408 5840
6453 9575
6019 36
4508 6416
9759 3835
7669 171
7247 5873
4778 6951
2044 7456
4178 5897
8816 3131
8999 757
9495 6917
5586 6642
656 106
7933 365
1385 126
4581 4159
2781 1509
6811 695
5670 4560
4993 4772
5480 2328
9176 1425
4041 6353
6345 7356
3018 8078
6703 8981
6416 2468
5047 3070
6272 168
6106 2769
346 1751
3380 3942
58 7924
3381 8344
6102 1058
5164 8320
1295 5466
6169 1035
8615 5070
9954 2017
371 3700
3770 953
7339 6222
2534 5887
1990 1811
7903 1902
5173 4049
6108 9882
7328 9635
9927 5871
1972 4204
8243 9837
8534 3848
2700 710
3008 8844
3578 1906
1865 8617
866 538
6909 3315
2273 6247
8018 7284
9282 4362
2931 74
460 4127
1443 3040
5235 6518
3007 3030
175 1717
3412 8293
109 8620
4284 7292
9313 2859
7297 9342
7697 9813
1413 3778
5321 9859
1960 8579
4662 7182
510 8734
7536 1094
8609 8935
3912 445
9071 8598
846 6799
7095 9448
987 6613
1951 5579
3261 4701
132 5768
789 1350
7905 2319
6802 6150
195 3194
8075 7172
2065 2829
1733 5638
2917 5011
3791 5831
4914 7620
3590 9337
9135 7117
6973 8373
1509 170
154 5640
9687 8927
5879 2734
7377 1754
8271 9905
9482 2811
4867 4568
5702 2393
7533 5173
6212 9883
9090 8868
8007 9654
424 9721
1295 3932
3138 9827
6184 1050
782 4947
4818 6670
907 653
6973 9134
9589 9689
5930 9651
3535 1281
9982 1768
644 6267
6291 4492
4923 4829
54 284
1722 2184
7108 9851
8118 174
6009 7687
6565 8911
5610 3347
4013 4596
8828 9164
3572 7957
440 2920
2357 2164
9747 1036
6970 8638
3861 3966
5301 7145
2097 8024
9011 1231
1403 4152
2315 8865
1363 601
4694 1817
918 6887
2977 6169
1430 9604
1483 9735
289 6114
6394 2237
6604 1829
983 5357
5211 9779
5772 1457
6746 7995
1833 3423
7124 2064
7582 4335
6692 3085
985 5422
5885 6680
903 7972
3730 6220
5178 4668
706 7017
9281 3464
8335 8922
4145 1264
6307 7621
1509 1545
9904 9556
3669 6151
9717 904
8095 6154
9822 676
4 7477
2907 6336
6814 7628
6403 3743
8523 246
193 7817
7114 8391
8085 2342
9004 8340
2281 7427
4239 5648
9659 9599
1466 4617
8307 9533
2725 7693
121 1625
9399 3080
2399 4876
25 5338
6076 4439
2444 4466
1212 6185
713 2042
6810 8856
5589 8428
5631 2256
8710 1261
8369 9449
11 17
7936 3879
5923 5526
8334 9480
3101 3077
207 6315
8755 5015
4625 3334
376 6853
9050 9171
4643 5569
9598 4276
1476 6461
8571 6340
6508 8429
7706 5487
430 5743
9901 3287
3273 7643
400 6010
7913 4016
645 4934
3640 8682
5645 1592
906 6232
2811 4576
9566 5331
4458 2065
8341 7088
2164 1094
8046 5174
2391 2357
9518 9410
4718 8839
8524 4784
1675 1832
5056 3902
6494 6689
4099 419
5370 2255
1776 4437
8548 3092
4494 6195
9538 9107
4025 4747
11 4291
2073 2560
7630 8361
4062 1085
1786 4615
4159 7017
8494 944
3854 6418
3717 8748
8990 5549
1503 8016
3022 558
1279 2131
5527 8527
5180 2001
8015 996
3958 470
8008 5015
8966 865
5778 6802
5639 2230
6620 7226
7948 823
9767 594
1122 9133
79 8508
7218 5079
1851 9962
5335 5634
6492 627
8396 2453
2228 5195
9104 7937
5542 8830
5194 5105
1546 6216
4466 1804
3335 4037
4181 5349
2107 1496
3754 4021
1698 4326
4244 450
4936 4646
1627 364
9189 8958
1862 2901
6934 7328
9871 858
494 6737
7603 3164
5029 9972
9427 5808
7941 1530
2662 1035
9849 6526
8927 1594
9673 7095
5227 2564
190 6022
7881 9497
3759 2048
2636 5821
2303 8484
4128 9131
382 2233
9422 151
8857 1773
6574 557
9513 6332
8940 1592
8889 6877
8671 7991
8309 7401
