67 36
91 33
64 45
66 90
84 13
21 24
49 18
45 88
84 37
23 4
89 60
85 15
50 53
78 71
72 71
19 90
73 55
34 7
92 81
19 17
39 6
96 77
91 98
68 32
96 6
15 13
50 31
14 64
41 92
3 14
28 93
10 31
87 94
52 55
94 65
77 57
8 65
16 68
22 28
11 76
90 67
5 93
34 67
5 69
81 94
27 42
96 42
98 41
17 26
68 86
51 74
93 61
17 1
89 55
81 18
54 30
59 33
52 41
55 79
31 83
27 57
49 84
92 80
83 45
72 82
20 33
53 41
80 29
4 89
60 56
54 2
92 62
75 30
97 29
23 33
14 12
86 26
55 39
100 27
70 53
13 29
7 88
57 35
87 96
97 92
47 12
69 78
90 61
55 42
25 44
19 71
77 33
24 73
59 80
6 68
63 55
78 37
89 15
1 21
36 74
20 15
11 79
63 34
90 21
84 65
67 99
43 98
28 73
37 55
30 61
42 70
8 11
71 77
94 13
32 57
1 1
47 3
68 92
27 55
15 63
37 40
19 52
78 2
17 19
69 4
16 42
88 45
9 39
78 100
48 78
83 34
53 45
17 53
88 9
84 30
70 93
59 16
29 70
49 86
44 30
81 79
9 43
47 68
66 68
89 79
71 7
10 62
93 32
82 5
96 33
58 20
81 28
61 15
77 90
5 61
52 9
8 30
73 34
15 76
64 77
26 62
55 40
54 8
12 100
100 49
91 10
93 83
56 20
50 64
71 86
54 69
97 61
19 55
17 65
61 53
98 30
100 19
2 9
76 100
90 50
34 34
59 63
64 61
24 100
2 48
83 73
13 13
59 81
1 13
95 71
85 20
38 100
12 90
36 79
36 11
66 6
16 62
3 86
66 66
39 80
50 77
41 67
9 44
73 80
95 61
13 64
13 46
15 55
50 30
74 69
95 49
26 52
99 88
95 4
24 62
53 55
9 96
75 26
23 42
92 30
52 13
92 14
3 44
74 17
32 51
19 44
77 20
13 74
10 3
91 18
54 81
51 36
36 87
56 29
21 98
28 68
16 16
25 32
17 97
37 72
51 67
98 7
26 17
94 54
33 31
63 69
66 20
22 75
5 73
73 58
81 28
100 25
26 2
71 16
59 33
27 83
96 88
58 7
65 26
5 91
56 100
17 92
44 38
45 82
93 87
2 33
82 95
95 44
91 93
87 25
73 83
79 36
81 25
40 50
48 76
72 61
91 86
39 54
17 10
6 79
37 64
65 49
28 12
65 89
76 60
83 67
34 91
100 75
76 3
10 22
9 51
91 87
35 74
20 65
29 46
95 96
53 44
43 39
23 18
20 3
24 42
42 76
75 35
15 58
67 29
94 26
73 74
29 72
28 75
79 23
87 15
77 25
54 43
18 40
30 89
86 85
11 21
62 58
50 55
18 41
82 96
4 67
27 8
6 66
39 81
7 9
92 61
7 83
58 84
85 20
64 3
74 82
92 30
62 35
54 86
13 98
29 52
1 47
84 2
21 80
96 85
15 8
11 55
33 28
51 60
15 80
6 12
46 59
92 58
58 47
1 38
29 78
69 6
72 1
70 44
29 80
40 57
37 63
9 29
1 10
97 43
89 34
100 86
82 79
56 62
55 42
2 77
98 16
89 5
61 68
11 40
24 8
100 58
18 64
54 4
12 6
1 22
93 64
33 37
15 61
95 98
77 33
32 27
85 92
80 5
87 27
84 59
60 41
28 25
35 47
73 62
77 40
20 61
48 68
70 80
7 35
16 44
3 20
74 66
6 5
56 79
37 1
69 66
62 24
64 87
77 51
91 14
21 91
24 98
20 34
65 10
94 10
35 56
28 41
72 42
49 30
76 3
71 42
84 8
1 66
17 4
45 5
89 38
79 33
26 62
25 16
78 43
89 51
57 36
90 3
20 13
6 4
1 5
82 28
68 12
18 15
54 92
68 16
69 37
42 25
13 18
33 69
63 99
90 50
11 20
74 3
45 96
57 88
96 55
33 85
8 5
2 70
28 7
89 96
87 33
27 70
42 50
89 78
46 18
14 71
20 65
72 41
1 69
79 85
96 74
51 63
87 93
38 62
94 46
51 57
36 83
76 99
29 65
27 96
58 99
32 94
19 91
48 55
49 21
10 5
89 60
68 64
30 55
10 26
3 47
27 81
24 59
16 17
16 39
59 73
75 100
31 68
88 53
77 73
42 34
54 58
42 87
31 66
98 62
100 89