381261 505131
222242 130376
266908 959429
972686 356831
267473 351743
612717 65827
686152 109263
524182 463371
862615 118099
38090 803918
82938 865864
828887 328163
585525 790119
676877 760893
122975 472034
307291 140201
905105 280717
837074 150595
420100 641003
73306 633836
241437 620308
145057 8171
497907 456947
140357 766114
160456 657133
492634 479271
845120 751009
746281 498920
843488 628956
546354 88722
558573 395399
157356 504285
497208 824468
599994 853063
288985 980465
147796 949467
489693 922769
936994 988761
681660 956949
13420 527991
768179 853867
682953 996336
751687 392848
817159 701411
895281 351147
428429 222243
787525 905452
167269 226510
782736 504909
985916 822209
272675 262242
894576 500004
185935 800816
990533 1482
575065 600438
550209 914089
427859 554381
298949 838712
214817 27338
890280 366553
565866 815380
141219 190561
907516 231292
169452 796332
462445 44532
90110 536868
268042 412636
898905 498003
658832 535848
859647 390134
582312 53198
33139 626717
863839 449300
649152 169160
778246 687083
559687 76284
792770 30885
162663 693455
305426 815893
948349 415979
753077 346754
620190 479014
877751 453619
803264 360618
260724 845106
8072 717002
483396 907266
73703 962679
871749 427331
957021 905940
440913 403672
44790 767692
433975 881353
265498 62847
318624 405004
840506 86367
321157 154044
27828 151080
853124 895520
215147 545973
463482 410911
670066 332175
683935 782862
877149 415826
50016 715271
104650 182158
216403 512990
738956 754181
281338 570917
703429 790910
454759 532495
718634 142409
604585 214590
530992 895507
673056 446192
229498 645909
856779 112154
723223 726944
501294 113221
228674 228004
32114 216235
752420 414170
980341 429979
75252 242886
513482 917425
55936 799417
937647 411785
453981 556124
484940 270043
289609 768494
249325 438812
301781 581805
965695 387493
483996 76736
161860 690972
478826 988673
394001 92240
739222 71015
408355 166944
294021 719655
567049 576235
278256 133816
496268 689260
449720 392119
585617 31317
777924 113053
573205 500748
523873 348603
308884 825565
91810 810064
269216 955310
304216 549708
694635 882676
762091 267856
798618 426339
22389 771231
443311 829183
408999 134699
48927 391042
364901 982489
738912 812910
115313 435911
26259 861245
458935 611587
86206 110417
9178 992478
609696 749143
373493 863124
289749 974084
585719 950792
33503 698934
453043 465181
880898 722199
410999 429389
642400 607194
319246 491535
887462 480044
405696 952873
562545 304451
282552 636004
342016 921397
413911 544288
785163 945711
224318 697733
369189 94359
12972 171906
912895 585235
825204 435914
864198 374490
476366 350944
567006 797065
211007 744994
566792 428921
230879 108865
625435 384350
408140 139486
320169 317049
936045 180903
780519 747361
257558 896420
725070 32423
88214 495859
484229 698509
177293 103208
536560 640186
275911 360582
294701 308840
832287 876813
561033 135405
237204 66423
807023 368359
836073 640720
514605 459389
715186 900438
986376 270483
220649 6597
49069 708448
522120 32163
787057 114728
530523 898147
685762 149134
460875 91733
661508 629276
904792 796580
373655 844610
62528 743410
665767 166374
179884 118372
756593 306077
87083 105065
219868 873789
881944 355499
220283 424057
935132 487408
707309 668075
803216 782419
949732 108738
215463 499399
947536 645274
586674 268271
693981 561755
548755 207570
509516 989319
150327 870308
882114 695273
449178 549937
956764 195039
571361 28211
516662 916979
63922 824784
92793 985757
992891 960403
590425 480107
524163 553057
733317 524055
627123 127310
648320 947228
937453 215233
71214 421012
451344 830374
610971 349880
490486 899349
142686 275306
32060 463371
165561 908754
251316 969374
928114 904162
610312 520853
962132 464559
90839 160534
286936 493737
333892 757495
146835 581318
441266 588232
83552 569909
193432 949422
94343 95433
549514 700793
796622 34583
585390 708433
705173 324572
416509 110355
187895 901559
50680 117984
843872 125384
178207 369622
41608 278620
450615 942484
362509 213853
84872 426540
238497 704025
442708 374563
574352 114006
115612 651911
586184 812439
53256 27340
382920 937129
214647 541161
707271 631478
605306 972032
718770 874948
241530 63817
579440 361743
212282 736762
481043 898595
825977 562884
626398 830059
873641 397964
208218 339333
730610 209525
302245 166560
226483 790516
902313 426259
990345 201169
968904 94937
794038 895382
749931 149524
387988 972689
167879 395941
787832 624279
450243 325617
93560 923255
85995 542147
959153 369900
226924 13464
513914 133097
70894 283599
963195 583764
575754 809213
361211 761368
476580 695907
525166 321517
889415 39032
725460 990237
100876 203669
959633 722413
136918 227571
305928 905512
584669 98871
260128 85910
352309 390340
431486 628030
582131 950567
507510 720101
306821 332913
81189 22146
749962 125511
89296 149515
964471 840818
31632 880808
537857 385764
916723 371628
123909 425905
224637 841623
979587 906835
480080 944924
180854 159637
327581 724386
453274 196817
93520 794367
724216 952040
433602 18395
970118 985369
699270 471343
971012 899512
248001 193357
659515 523325
139731 874031
356284 957972
953914 609539
331874 747366
916431 508392
66177 731704
977560 310168
117902 193887
231374 325130
589351 798464
281397 441826
628892 333348
6085 254934
589925 717104
320640 226960
619227 53651
930136 744693
602642 922402
825197 10801
61071 314787
161673 305610
653883 995688
713052 586213
136632 483307
325422 893590
272384 171156
937101 490659
466840 589656
569709 280930
164214 341923
935611 838293
245553 207269
264703 767719
117921 283715
358034 634719
794697 426534
120953 15839
493716 266466
107131 225959
301324 659241
103388 374239
86013 875266
893055 446591
794777 651010
751949 931084
487102 98037
118667 543768
717650 931077
885874 529720
231761 283120
518230 242608
133231 291886
736931 736984
247681 43808
187503 979761
298066 454806
128309 973719
562846 646060
196694 703847
381478 389749
256825 682305
960822 835967
786801 425656
381781 344549
894037 782441
593673 860153
146958 835027
592032 678876
275450 687990
229677 97867
53720 292429
408357 464545
336044 143649
260918 146796
733560 681424
878274 53506
7099 292420
263689 689347
36963 943733
353022 934227
780577 73535
569822 663292
49508 872216
662632 811529
164040 729280
607418 35940
350986 895691
286664 108221
70572 811348
503465 600158
790599 340664
366370 692148
281829 3045
194465 947987
640806 10729
140433 823788
305596 239060
735234 937709
62307 187351
407289 607416
471856 913785
630387 278272
277644 873964
857311 681095
577556 479046
858820 743663
585906 585957
713728 926532
497354 714600
947955 860187
80602 626161
248409 49933
510070 552147
673402 9088
172120 220836
354518 199988
462440 803032
115610 593309
401343 936968
143647 999283
792562 224101
316141 795339
640575 597061
627812 931266
192403 2024
352754 252838
608180 520682
953414 124208
25913 526113
284119 146366
972733 765537
749317 562542
180420 244857
